3.068539
5.316127
5.400187
5.146214
4.285991
4.179539
6.518276
4.068809
5.184525
4.233774
6.135830
6.500949
3.657093
6.987978
4.072657
5.302657
4.768393
5.738588
9.156577
5.044524
3.819107
5.513342
4.531755
5.320912
4.796388
4.997257
5.825080
3.450334
4.900229
4.587600
3.432020
3.303117
5.093342
5.856667
4.277806
5.013456
6.327199
10
5.014074
5.130672
5.070529
5.401475
5.894319
4.404261
6.722314
4.963987
4.499473
5.751602
5.189921
5.539539
4.085325
3.137883
4.295979
5.202811
5.511265
3.264311
3.295995
5.613170
4.594434
4.938592
4.657281
4.465626
5.639015
5.349522
5.073842
5.642421
2.897274
6.140907
5.289426
4.166937
5.329676
2.832737
3.827898
3.985033
4.921069
4.609552
5.048488
4.985545
3.147460
3.716797
3.618849
5.748900
4.487991
4.340112
3.111536
5.169369
3.376048
6.018398
4.074905
4.333297
6.222069
5.525352
3.390117
5.105525
5.304183
4.854430
4.318520
3.419229
4.554519
3.810780
2.979423
5.842784
7.648942
4.469933
3.669613
4.101251
6.848474
5.836995
4.772435
4.039109
5.720176
4.049181
4.567904
4.591984
4.491119
4.132327
5.800767
4.701130
5.561888
4.068471
4.272796
4.937340
3.412659
4.257552
7.411665
4.700381
4.567352
4.449513
2.914120
3.486304
4.208340
3.399665
5.395114
5.414565
4.676804
3.885771
3.585805
6.502858
4.841565
3.374798
3.298371
4.754632
4.446071
7.894955
4.249537
2.832737
4.087276
3.764093
6.619143
5.955099
5.406116
5.091722
4.834827
6.160374
4.027090
4.421131
8.328583
5.943898
6.596822
5.403355
6.557962
6.897995
4.284802
4.535307
5.283917
3.409222
4.368309
3.963418
5.371039
5.960333
3.396976
4.637130
3.833544
3.272884
3.668248
5.509785
6.410209
4.024757
3.438352
5.597684
6.631165
4.885111
5.452198
4.578235
3.930758
6.148071
4.822260
5.702468
3.850072
4.630764
3.711041
5.660525
4.143776
5.081061
6.543997
5.680742
4.147643
4.826615
6.026895
4.224506
3.522841
4.890168
4.745865
4.331501
5.531162
4.133606
4.965804
5.248462
3.143587
4.609203
4.430602
4.139726
5.348580
3.654032
3.930099
5.282147
4.554745
3.893677
5.533041
4.387289
3.064636
4.012619
4.438705
8.343457
3.933905
5.851012
4.511076
4.877736
5.370801
4.490273
3.597112
4.868400
4.138741
3.247875
3.384059
4.264934
4.237349
5.987488
3.295369
3.665725
4.908359
4.589602
3.125469
3.850892
6.303995
6.241195
2.832737
4.458567
4.522492
4.995695
5.744442
4.041225
3.881860
7.345729
4.806448
3.291574
4.814829
4.982716
4.553437
7.269335
3.891324
5.666334
5.273747
5.253308
4.134601
5.944309
5.349897
4.898676
4.855950
4.488366
4.415437
4.373217
3.172579
4.507707
4.131398
4.854876
3.765033
5.287420
3.844969
5.609194
4.906701
5.408487
4.212676
4.271372
4.696979
2.889724
4.736091
4.426300
5.478828
5.446286
4.373447
3.058591
5.545465
4.817677
5.101592
2.832737
3.420975
3.680000
4.444552
2.970963
3.610412
4.899382
3.155814
5.749784
3.591417
5.755455
3.486916
4.014917
4.758151
3.561642
6.706643
6.836619
4.696435
5.788451
3.882432
6.770038
4.964175
3.915128
4.231349
8.846481
4.835901
3.957387
3.668894
2.832737
4.490683
4.284581
6.149963
3.177048
5.286384
5.865951
7.014402
5.045754
4.528453
4.673210
3.431385
5.443631
6.450047
4.566484
5.215839
3.732679
5.891054
5.124325
5.070620
5.342442
4.750087
4.590751
6.539271
6.296140
5.365108
6.892983
4.895811
4.176330
5.773698
4.778728
3.826106
4.082870
6.856506
5.509751
4.697870
3.294425
6.243766
4.648795
5.353117
7.506743
3.053053
3.497548
4.492483
4.645730
4.937415
5.129610
4.808423
4.201398
7.935233
3.681053
6.137124
2.952810
4.856945
4.631166
3.996843
6.413679
5.559747
4.723911
4.596426
4.327392
6.154380
3.920146
4.437376
6.256851
4.983066
5.186062
6.506817
2.944323
3.540127
4.409857
5.638985
4.801461
3.588304
3.946641
3.008308
4.065039
4.036922
5.158021
4.762992
2.967667
5.075473
4.296308
4.653798
5.423688
6.303549
3.481343
4.706596
3.352036
3.318640
3.035448
3.102928
3.050142
4.812307
4.264243
3.725277
5.755542
4.271990
2.729734
2.896487
4.518794
4.862588
5.636948
3.900137
4.821770
3.885167
4.939501
3.492156
3.147989
4.774340
5.981713
4.694482
4.347159
3.824974
6.031469
5.498048
2.832737
5.248035
4.472906
5.166597
3.378856
4.588292
4.459288
4.568645
6.232109
4.990888
6.076038
4.863662
5.195374
7.481298
3.749171
3.763586
3.188798
3.699194
5.689782
3.049706
4.585100
3.414522
3.514460
5.803957
5.646173
4.663580
4.269264
4.149521
4.814432
3.054485
4.728106
4.823575
6.162280
6.018250
5.477218
4.038561
4.669000
7.543737
3.069208
7.407327
3.099785
3.210549
5.642073
7.208637
4.238475
2.839061
3.749879
6.059329
5.739134
3.253175
3.255499
4.933690
6.538288
4.939553
3.414907
7.063317
4.645849
5.333257
3.774267
5.173960
4.290589
4.144483
5.079253
4.830906
4.629402
3.107060
3.446018
3.482993
5.224525
4.732846
3.390806
4.173550
5.743471
6.156949
3.332082
3.423176
4.146078
4.611981
4.740155
4.994699
3.110840
3.436661
6.100844
4.520408
3.535213
4.352512
4.987950
3.611621
5.854107
3.939024
3.431437
4.537711
4.860849
3.532012
3.801335
3.536922
3.407722
5.895129
4.164488
4.800395
4.323851
4.563747
4.141442
6.298599
5.039468
5.052131
3.599102
6.229717
3.449213
4.829849
5.999369
4.563912
4.379102
2.997467
8.077992
4.034707
4.891777
6.289538
3.689684
3.899887
4.708800
5.331261
4.580641
4.908448
3.346117
4.615547
3.951341
4.602619
4.463512
5.227860
3.234234
4.412089
5.797104
3.290512
4.947598
3.582379
5.072694
6.633081
5.081757
4.613835
3.543284
3.413969
2.942480
5.568431
8.668812
5.145134
4.284456
4.810253
4.301316
4.616838
4.761179
4.388849
3.388020
5.246505
3.239584
5.295088
3.645491
4.320579
5.225995
3.955341
4.505164
2.926752
5.892132
3.448426
5.402121
4.148049
6.240772
4.137197
3.601601
4.225659
4.485309
5.653954
7.289428
4.494592
5.338602
3.814937
6.132397
4.379979
4.975229
5.806756
5.453871
4.613100
4.829320
5.114337
5.874937
4.155932
3.207540
4.730542
6.544562
4.960810
6.345339
7.190213
5.628574
4.597655
3.673428
9.479062
6.169585
5.350591
6.226551
4.334254
4.599892
5.714460
6.020825
5.432718
5.890379
4.111655
5.002835
3.104615
3.334677
3.850492
4.695642
3.570061
3.596778
5.258188
2.832737
6.302531
5.667026
3.276344
4.553382
4.110354
3.386547
6.143793
3.920864
4.090751
5.213653
8.003208
4.281482
2.861062
5.387268
5.687096
5.248204
7.624023
6.257767
3.468707
5.513958
3.482781
6.922369
5.546816
3.950493
6.333049
4.878292
6.720912
4.243844
3.170653
6.119191
4.464779
5.920091
3.660197
4.192458
3.284445
5.847554
4.258398
5.945688
4.141982
4.351185
4.804268
6.250637
3.594107
4.802277
4.035378
5.054677
4.626938
5.221677
4.464658
3.582107
3.536299
4.600245
3.416442
5.378288
3.977782
3.953103
4.804553
4.380347
2.916549
4.739166
3.759112
4.404070
4.645110
4.953363
4.687639
5.315097
4.777930
6.534738
5.919225
3.366786
4.067613
4.033010
3.459041
5.297233
2.832737
2.862718
4.463230
4.931850
3.310850
3.647340
4.521327
4.375671
5.896539
6.061983
4.357158
4.695798
5.202418
3.457665
5.414295
3.845094
3.815163
4.300898
6.100561
4.252619
4.254087
5.230589
4.548364
5.784739
3.831687
3.723264
3.197789
5.113710
4.717056
5.709130
5.485785
4.133829
3.378995
5.219136
4.792236
4.063573
4.682942
3.627094
4.644201
5.121594
3.345062
3.773375
3.436253
4.940024
5.425218
3.949121
5.061357
2.851214
4.870440
4.194909
4.361032
3.431079
3.861166
5.597297
4.452315
5.560124
4.486684
4.711230
6.530850
3.263950
4.726334
4.207551
2.832737
5.134751
3.158010
6.861477
4.959329
4.214237
3.034329
5.490785
3.309769
3.611070
6.336820
3.358856
3.905924
6.366789
7.378806
3.506516
3.556489
4.735412
4.720671
3.302381
5.738658
4.697422
3.073960
5.907356
4.062799
4.442940
3.792696
4.816072
3.977188
4.512411
5.884830
4.969078
5.555171
3.991581
4.836705
4.630255
5.514344
4.343370
4.107996
8.321965
3.275114
6.064371
3.817442
4.549739
3.357777
3.927713
6.338322
3.796841
6.434370
2.856122
4.687842
5.910800
6.142301
5.273355
5.761564
4.645416
4.014659
5.220564
5.541794
4.054896
2.832737
3.660966
3.637629
4.583323
5.743685
4.534039
3.482566
4.136918
4.001682
5.142133
3.664184
6.127282
5.856554
4.782832
4.919586
5.536648
3.750223
6.254340
6.059506
3.704118
4.617691
4.048409
3.155517
4.952799
4.445599
3.864782
5.375650
3.812480
5.433169
4.295454
3.228880
6.233197
3.080398
4.736001
5.005774
5.699126
3.318549
5.903565
3.851286
3.697208
5.154716
4.072453
4.919867
3.852301
3.156389
7.039148
6.365838
5.782739
4.402749
3.653742
4.497814
2.832737
2.997436
3.344179
5.491241
3.469766
4.581720
4.414474
4.790538
3.500879
5.463793
4.553703
5.728931
3.358034
5.677730
4.066901
4.682520
3.612388
3.820237
3.904460
3.708058
6.058430
4.020720
4.476139
5.400930
3.741728
2.853083
5.126409
5.195190
5.266750
4.749059
3.760091
3.968876
4.413171
5.852095
3.397014
4.891568
4.019279
5.324952
3.466101
3.059575
3.723600
5.991138
5.300548
6.887491
4.883631
7.196336
4.515282
6.999960
6.096579
5.374996
3.271199
3.893851
5.058435
5.179249
4.176566
4.910837
3.674935
5.112046
3.724677
3.094061
3.371711
4.536752
5.108587
3.908036
4.854337
5.566185
3.124880
4.070198
3.697154
4.105933
3.109466
5.333842
4.646029
3.065151
3.555459
5.056469
2.962866
3.870146
4.795161
4.579436
4.402609
5.119522
