8.358727
6.431872
4.783108
4.623084
5.051172
6.271345
7.596022
7.852291
6.396474
5.933932
5.694754
5.069642
5.816252
6.544185
5.399441
6.471498
6.974851
6.133470
5.668622
5.250543
6.366132
6.151464
5.771710
6.379333
3.698064
6.652771
3.666511
7.627329
4.395484
5.299043
7.310426
5.740786
5.713195
5.299328
5.524854
5.498316
5.765185
7.121047
7.120831
4.802127
5.039790
4.582219
5.390059
5.166523
6.785183
5.109923
6.196909
6.616559
5.017146
6.160179
4.619521
5.961662
6.267611
4.199530
5.955329
7.604541
6.030753
4.358688
8.283268
4.796254
7.927428
4.978074
5.219973
6.749973
4.254283
5.861300
6.890729
6.809374
5.791155
6.580003
7.811004
5.996977
5.608397
5.967303
5.710843
5.833614
6.393517
4.390547
5.853398
6.756186
7.269370
9.568838
8.332142
4.526995
6.602076
5.844920
6.277761
6.157874
5.926580
6.157355
6.214499
6.519689
3.893173
7.106372
5.039261
4.922870
6.324957
7.699755
4.632595
4.023982
6.988151
7.000925
6.988660
7.637082
4.171144
4.959878
5.580420
6.941589
7.151624
6.351669
6.414697
6.017379
6.004708
7.162812
4.807854
6.929429
4.474461
7.227992
8.191936
7.692294
6.757194
3.805166
6.057204
6.064668
5.882570
5.287069
5.591121
6.234057
5.850693
4.026753
4.993114
5.742707
4.159840
5.459187
5.317396
6.791186
4.321018
5.981430
4.333733
6.785734
3.880307
6.603591
5.832328
6.388298
5.823805
7.077815
4.217660
7.463251
7.874766
5.654433
6.768714
5.422667
4.733542
5.889177
5.129517
7.118404
5.496753
5.001018
6.139151
6.705405
7.477636
4.355272
6.182598
6.075884
5.611311
4.692083
7.509221
6.627744
5.971582
6.922191
5.540212
7.475400
6.088303
7.385132
6.855617
7.515203
4.477014
5.666164
5.634805
4.689344
5.846615
5.134183
5.409706
5.738248
7.363544
6.328659
7.151449
8.102102
5.229410
4.327909
5.055267
4.591681
6.502214
4.546319
8.644703
4.924861
7.294910
7.510755
6.410889
5.294540
8.397870
6.150594
5.710393
6.962225
5.684642
4.691628
5.281237
7.365155
6.249858
7.092289
7.070838
4.635589
4.649742
4.742423
4.723174
8.534140
5.015637
5.649214
4.875344
4.682621
8.672486
5.618027
6.955114
3.969440
4.782206
7.726227
4.839526
5.449670
4.569689
6.849867
6.854655
6.477411
4.962528
8.286499
7.469955
4.577499
6.272696
6.817165
5.408792
4.800310
4.307891
4.658819
6.526799
5.575506
5.949899
5.034524
7.114058
6.588780
4.928731
10
7.601886
4.457108
4.725901
7.541918
5.177786
6.210957
10
6.352798
6.642248
7.460789
6.715145
7.377560
5.691263
8.599861
5.146585
5.738189
5.304207
7.030910
6.074547
6.542472
8.034974
5.868141
8.145188
6.226835
6.022738
5.487764
6.948745
4.739317
5.353049
8.328860
4.716169
6.053367
7.574731
5.241128
6.294574
5.463207
5.002644
5.893975
5.310802
4.939272
7.305026
7.228818
6.210089
8.205242
5.228405
5.612305
6.940854
5.757179
6.767458
5.254414
6.472862
6.225801
4.545435
5.199300
4.513367
7.187882
5.060537
6.546270
5.556735
6.359337
8.306579
4.478146
7.314322
7.817059
7.046301
7.569504
7.870461
4.724759
6.612568
6.159056
5.469499
4.578587
5.221114
6.470574
7.205946
6.630974
7.735123
6.512559
5.308590
6.444657
5.826440
4.022579
7.049195
6.816416
4.362800
5.357372
7.057062
6.661818
5.494275
4.885719
5.162708
4.971646
6.257977
6.933420
4.416356
6.425410
5.690192
6.708383
4.977717
6.843182
4.516234
5.318288
7.067706
6.932588
4.783412
6.635407
6.055281
3.945097
6.939205
6.062582
5.863734
5.910495
6.573934
4.806488
7.087496
10
5.442658
4.761746
4.694708
5.324184
6.490633
4.604396
6.596940
5.688299
4.912855
6.939415
6.739889
6.930663
6.392384
6.023204
5.661201
8.451911
8.381022
5.365686
5.933102
6.298933
5.999458
6.728404
5.235744
6.982527
7.572487
4.942578
6.563074
5.042573
6.641304
4.220966
7.070240
6.129436
7.174140
6.335097
5.115133
5.274982
7.300099
7.616420
9.291444
5.942445
4.624546
10
6.678480
5.975708
4.477011
5.822759
5.268938
5.083404
5.489210
5.148703
6.182538
7.628476
5.935683
6.133802
7.171395
6.228036
5.670952
6.244273
6.383482
5.437721
5.823943
6.020974
8.074968
7.380240
6.817052
7.935777
5.845184
4.895247
6.962489
5.185146
4.759996
7.080256
4.917882
5.807964
6.157392
7.458716
6.127400
5.690311
4.317132
6.352705
6.825043
5.750805
5.217991
5.751546
6.169153
6.752701
6.043403
5.675685
4.571872
4.712129
5.952885
7.792161
5.133826
5.539142
5.285903
6.213313
7.370359
6.285407
6.676136
7.613235
6.972604
4.672107
6.838790
6.730683
6.290464
9.697479
6.633699
5.251525
5.586999
6.619723
5.864739
5.302282
5.037282
6.763788
4.904600
6.491851
4.743129
8.083822
5.497212
6.141611
8.933104
4.309223
6.325213
5.527409
6.629134
5.880835
8.401342
5.385392
5.080144
4.815513
5.502076
6.980272
4.616487
5.199654
7.511747
4.411623
6.953862
5.712818
5.340708
5.930016
5.217245
5.667268
7.738177
6.196259
7.152587
6.728374
7.559083
5.839260
6.063191
7.054980
7.098863
4.439415
5.472166
6.305101
4.988925
4.574378
6.083745
6.745481
6.957925
5.988852
7.891733
6.184533
5.476722
5.058045
4.910179
6.637230
5.340172
6.742783
5.756652
7.533014
5.948677
8.311566
6.002172
5.949647
5.855839
5.217052
4.464923
5.566316
6.027775
5.127907
6.708747
6.254168
5.227686
4.706109
5.340136
5.956801
5.846210
5.363698
6.061604
6.547822
5.641844
6.431149
5.498427
8.006554
5.902689
6.079675
6.264932
6.349936
6.039634
5.755661
4.856279
5.437444
5.323564
6.993918
8.441142
5.322575
6.361785
5.643312
5.466751
5.036870
5.255885
4.894444
7.392798
6.513419
5.854037
5.581235
5.314578
7.085415
6.950287
6.078996
6.668344
7.343904
4.712125
5.442327
6.604692
9.589385
8.124972
6.452697
8.441919
7.325565
5.832174
5.960311
5.415040
6.442190
5.976111
5.525501
6.448919
6.548531
8.609969
6.228085
6.330222
8.072279
6.644567
10
6.904830
7.326029
5.551642
6.657484
9.827257
5.678756
7.139812
4.728652
7.084811
6.487066
6.873556
6.430531
6.700614
6.105425
6.553147
5.799505
8.406334
6.478561
6.572745
5.335528
6.963303
6.719187
6.209624
5.453107
5.265944
5.689204
5.281739
6.379877
4.813187
6.061240
5.655326
7.124554
7.662162
5.407295
4.498862
7.122090
7.270609
6.928256
4.133796
5.483883
5.281310
4.932641
5.138693
9.064474
5.231798
5.451334
5.627685
6.743842
7.400539
6.808267
5.530619
4.912498
5.619176
5.934135
6.308828
6.186169
5.129222
5.273581
4.609929
5.652109
7.262224
6.285224
5.298054
8.600266
5.574773
6.688701
6.875699
7.383744
8.605061
5.429564
6.377408
7.789744
4.857344
5.335687
7.470474
6.558645
7.446536
6.057685
5.246789
6.137912
8.412236
6.069440
5.769489
7.418605
5.298077
6.821113
5.962415
5.693053
5.035559
5.395978
6.773962
5.136187
7.850650
5.931380
6.727781
4.164845
6.663419
4.656448
8.777706
7.490330
7.114884
7.344687
7.606854
7.631323
5.036257
7.846708
7.961128
7.444633
6.753214
5.562211
5.581708
4.983420
7.166435
6.566860
5.640651
6.658232
7.200435
6.644012
5.722045
6.841910
7.058382
6.710697
6.713306
6.090101
7.274132
6.347258
7.130945
5.404686
4.659615
4.839302
8.076024
7.262574
7.072045
7.077774
6.986448
5.246149
7.136056
5.262901
4.740635
6.863723
6.963900
5.669361
5.905285
6.741021
4.554280
5.197458
5.725011
8.088212
7.169851
5.205764
5.752422
5.302970
5.587191
6.063412
9.390678
5.070906
5.188343
5.708237
10
6.783809
6.124020
5.909267
4.387791
6.390086
6.502222
6.446568
5.633334
5.759604
7.689234
6.226256
6.093211
6.754760
6.831614
6.857058
6.012038
5.649686
5.657809
5.636765
6.043286
7.541366
5.540212
6.212131
8.102980
6.609519
5.147347
4.366165
7.305438
5.345976
7.367336
8.485563
6.427227
7.852509
6.742975
7.731975
6.845711
6.765980
8.575912
7.885666
6.289244
6.262672
4.829656
5.124732
4.733114
7.359220
6.367488
5.812813
4.547526
6.598044
4.924485
7.230938
5.453187
5.959493
6.601403
7.475689
7.025480
5.961784
9.235012
6.588617
6.942873
7.161178
6.650012
6.658252
5.629844
4.340528
5.519043
5.495584
6.974071
7.443013
7.004733
6.876430
6.149768
7.738371
6.578723
7.406921
8.362537
6.109145
5.996453
5.744048
7.599942
6.507523
7.934953
7.072589
6.327282
6.588752
6.567137
5.020959
6.862362
5.802510
6.590094
6.834761
5.917293
5.963427
8.394270
4.985328
5.858255
7.501307
7.995826
4.769906
7.577623
8.360424
7.919562
7.283402
5.976590
6.084642
6.638866
6.792784
5.668652
4.480498
8.570674
7.724890
7.521162
4.858124
7.234979
7.112684
7.094452
6.278037
7.278802
6.172630
6.332018
6.914332
5.129631
6.209243
5.416997
5.469038
5.091210
6.217285
9.796548
5.669106
6.867454
4.529619
4.834315
8.838912
6.140792
5.744809
5.984936
6.251239
6.386489
7.201410
5.489365
6.445803
6.697253
6.226888
8.313414
5.473943
6.978494
4.918708
6.387814
6.463692
5.036236
4.723264
5.407304
7.126426
6.070467
5.123158
7.975922
6.597003
5.804029
7.429918
6.406879
6.687860
7.638542
6.569887
7.193337
6.873527
6.198363
6.425459
6.635327
6.921646
5.788768
4.757183
10
6.310237
5.583095
6.399808
6.432262
6.536901
7.211417
5.548802
5.316453
5.534331
5.926648
5.701670
5.405728
6.756369
7.467134
5.734295
9.315147
6.107531
5.686415
6.854123
6.314720
8.459647
6.637331
4.675740
4.554174
5.898415
6.624443
7.671376
6.172015
6.464719
5.198141
6.966955
5.673067
6.630239
7.389584
10
7.433796
5.221245
7.212351
5.447248
6.566356
4.759302
